{
  "advancedEditorSelectedIdentifier" : "ProjectBrowser",
  "openSceneRelativePaths" : [
    "Scene.usda"
  ],
  "recentIdentifiers" : {
    "70730282-CB5E-4C29-9D97-7E73791D5231" : [

    ]
  },
  "sceneCameraHistory" : {
    "70730282-CB5E-4C29-9D97-7E73791D5231" : [
      {
        "date" : 743084232.104848,
        "title" : "Untitled",
        "transform" : [
          0.5176913,
          1.20087265e-08,
          -0.85556746,
          0,
          -0.45874524,
          0.8440984,
          -0.27758002,
          0,
          0.7221832,
          0.53618836,
          0.43698227,
          0,
          0.42757553,
          0.1842708,
          0.3219089,
          1
        ]
      },
      {
        "date" : 743084228.477538,
        "title" : "Untitled",
        "transform" : [
          0.88088375,
          3.6584455e-09,
          -0.47333273,
          0,
          -0.12859231,
          0.96238923,
          -0.23931342,
          0,
          0.45553055,
          0.27167428,
          0.847753,
          0,
          0.23529415,
          0.018784478,
          0.55210507,
          1
        ]
      },
      {
        "date" : 743076379.624768,
        "title" : "Untitled",
        "transform" : [
          0.72451395,
          -2.667339e-09,
          -0.6892602,
          0,
          -0.3578713,
          0.8546462,
          -0.3761754,
          0,
          0.5890738,
          0.5192108,
          0.619203,
          0,
          0.5957747,
          0.50747234,
          0.7510232,
          1
        ]
      },
      {
        "date" : 743076111.830903,
        "title" : "Untitled",
        "transform" : [
          0.6569311,
          -7.930023e-09,
          -0.75395066,
          0,
          0.028975552,
          0.9992612,
          0.025246918,
          0,
          0.7533937,
          -0.038431596,
          0.6564457,
          0,
          0.7406899,
          -0.09775877,
          0.75944686,
          1
        ]
      },
      {
        "date" : 743076105.53468,
        "title" : "Untitled",
        "transform" : [
          0.6569311,
          -7.930023e-09,
          -0.75395066,
          0,
          0.028975552,
          0.9992612,
          0.025246918,
          0,
          0.7533937,
          -0.038431596,
          0.6564457,
          0,
          0.5859833,
          -0.8887687,
          0.89069176,
          1
        ]
      },
      {
        "date" : 743076101.152176,
        "title" : "Untitled",
        "transform" : [
          0.5669544,
          -1.6514239e-08,
          -0.8237492,
          0,
          -0.2313897,
          0.95973754,
          -0.1592565,
          0,
          0.79058313,
          0.2808983,
          0.54412735,
          0,
          1.446085,
          6.496743,
          -1.7070427,
          1
        ]
      },
      {
        "date" : 743076006.705559,
        "title" : "Untitled",
        "transform" : [
          0.7944218,
          -1.072853e-08,
          -0.6073664,
          0,
          -0.020479482,
          0.9994314,
          -0.026786754,
          0,
          0.60702103,
          0.033718582,
          0.7939701,
          0,
          0.086987704,
          0.07092154,
          0.12258762,
          1
        ]
      },
      {
        "date" : 743076001.185343,
        "title" : "Untitled",
        "transform" : [
          0.7944218,
          -1.072853e-08,
          -0.6073664,
          0,
          -0.020479482,
          0.9994314,
          -0.026786754,
          0,
          0.60702103,
          0.033718582,
          0.7939701,
          0,
          0.4407859,
          0.28213546,
          0.6689261,
          1
        ]
      },
      {
        "date" : 743075953.68812,
        "title" : "Untitled",
        "transform" : [
          0.7944218,
          -1.072853e-08,
          -0.6073664,
          0,
          -0.020479482,
          0.9994314,
          -0.026786754,
          0,
          0.60702103,
          0.033718582,
          0.7939701,
          0,
          0.44989035,
          0.3193766,
          0.6603838,
          1
        ]
      },
      {
        "date" : 743075580.789022,
        "title" : "Untitled",
        "transform" : [
          0.7944219,
          -1.0728531e-08,
          -0.60736644,
          0,
          -0.020479482,
          0.9994314,
          -0.026786754,
          0,
          0.60702103,
          0.033718582,
          0.7939701,
          0,
          0.10158656,
          0.072116174,
          0.14911665,
          1
        ]
      }
    ]
  }
}